node_id,lat,long
1647008557,36.6536840,-121.7938995
421381587,36.6440097,-121.8066305
1646442592,36.6444397,-121.8064060
89819313,36.6461624,-121.8055179
1646442620,36.6446496,-121.8062964
89819334,36.6480528,-121.8067458
2935611310,36.6478826,-121.8060726
2935611314,36.6479609,-121.8058399
2935611315,36.6480277,-121.8063213
89801177,36.6409070,-121.8020990
89821442,36.6439543,-121.8028688
89821444,36.6437400,-121.8028720
89821446,36.6432520,-121.8030660
89821448,36.6428490,-121.8030920
89821450,36.6424710,-121.8028870
89821451,36.6419570,-121.8025380
89821453,36.6418160,-121.8024550
89821455,36.6415700,-121.8023080
89821457,36.6412720,-121.8021830
89821460,36.6405680,-121.8020620
89821462,36.6401420,-121.8020870
89821465,36.6393320,-121.8021190
89821467,36.6380400,-121.8022290
89909535,36.6439190,-121.7994720
89909537,36.6441840,-121.7994510
89819264,36.6438830,-121.7934980
89884604,36.6434550,-121.7980300
89991923,36.6439000,-121.7980360
89705976,36.6506050,-121.8025390
89705978,36.6500880,-121.8035370
89798118,36.6506480,-121.8026240
89798120,36.6506840,-121.8026530
89798122,36.6507520,-121.8026880
89798124,36.6508760,-121.8027200
89798126,36.6509560,-121.8027820
89798128,36.6510100,-121.8028800
89819057,36.6501640,-121.8009220
89819059,36.6501420,-121.8009350
89819061,36.6501090,-121.8010070
89819063,36.6501050,-121.8011180
89819065,36.6501190,-121.8011710
89819067,36.6505980,-121.8025250
89819297,36.6474180,-121.8031600
89819301,36.6469940,-121.8028530
89819303,36.6469010,-121.8028400
89821438,36.6453860,-121.8028500
89821440,36.6447510,-121.8028390
89890539,36.6480654,-121.8046372
89890541,36.6484966,-121.8044344
89890543,36.6490432,-121.8041021
89890545,36.6495710,-121.8037930
89890547,36.6505960,-121.8033030
89909539,36.6445140,-121.7994410
89909541,36.6448700,-121.7994740
89909542,36.6452420,-121.7994720
89909545,36.6457270,-121.7994420
89909547,36.6463075,-121.7994350
89819291,36.6478089,-121.8047665
89819293,36.6475553,-121.8035148
89819299,36.6472444,-121.8029657
89819305,36.6463334,-121.8028402
2935611302,36.6471225,-121.8028947
2935611303,36.6473353,-121.8030511
2935611304,36.6474953,-121.8033184
2935611305,36.6475371,-121.8037460
2935611306,36.6476315,-121.8036931
2935611307,36.6476942,-121.8048188
89819258,36.6499940,-121.7934050
89819260,36.6485960,-121.7934190
89819263,36.6456490,-121.7934650
89991925,36.6450970,-121.7980180
89991927,36.6463027,-121.7979990
2539912673,36.6469825,-121.7934434
2612970976,36.6462873,-121.7934539
89799889,36.6529340,-121.8143580
89825260,36.6528580,-121.8147560
89825258,36.6526103,-121.8152716
89808867,36.6548090,-121.8056500
89825266,36.6529190,-121.8092930
89825268,36.6529180,-121.8091930
89825270,36.6529180,-121.8090570
553019995,36.6528899,-121.8061584
553019993,36.6529244,-121.8095476
3695785922,36.6548226,-121.8078292
3695787026,36.6557320,-121.8078413
3695787027,36.6558003,-121.8077824
3695787028,36.6558370,-121.8072193
3695787029,36.6558388,-121.8077082
3695787030,36.6558440,-121.8070491
3695787032,36.6558878,-121.8069203
3695787033,36.6559088,-121.8068352
3695787034,36.6559123,-121.8064598
3695787035,36.6559168,-121.8066694
89633504,36.6613970,-121.8155270
89799876,36.6613810,-121.8143430
89899551,36.6613810,-121.8149860
611827057,36.6614182,-121.8159275
1297456678,36.6614138,-121.8158434
89875006,36.6613860,-121.8091980
553020003,36.6612250,-121.8055540
553020017,36.6611820,-121.8052740
89874994,36.6578303,-121.8092366
89898066,36.6578223,-121.8061079
553020001,36.6613397,-121.8062990
553020031,36.6614047,-121.8070162
553020032,36.6613875,-121.8066759
1824591891,36.6528768,-121.8013275
89798130,36.6510533,-121.8030743
89808871,36.6547883,-121.8010125
89808874,36.6547833,-121.7988385
89890549,36.6515304,-121.8028500
89890551,36.6518588,-121.8027760
89890553,36.6526474,-121.8023978
89894030,36.6558640,-121.8027230
90005095,36.6531503,-121.8022774
90005097,36.6533926,-121.8023080
90005099,36.6535960,-121.8023530
90005100,36.6541860,-121.8026720
90005102,36.6544130,-121.8027220
553020010,36.6528824,-121.8023056
553020011,36.6528710,-121.8010790
553020012,36.6528790,-121.8024620
553020014,36.6571740,-121.7987410
775112984,36.6547902,-121.8013043
1647163322,36.6557259,-121.8027229
553020020,36.6559396,-121.7988221
89808869,36.6547992,-121.8027373
89819055,36.6528785,-121.8007106
2540005330,36.6523931,-121.7988053
2540005337,36.6522252,-121.7998591
2540005348,36.6520293,-121.8001007
2540005352,36.6524059,-121.7998593
2540005360,36.6523942,-121.7988965
2540005370,36.6522209,-121.7988105
2540005374,36.6520274,-121.7988166
2540005375,36.6520290,-121.7998589
2540005378,36.6528647,-121.7989017
2612969713,36.6558609,-121.8040075
2612969714,36.6548034,-121.8039968
2612969715,36.6567349,-121.8027228
2612969716,36.6567349,-121.8020889
2612969717,36.6566212,-121.8017561
2612969718,36.6566064,-121.8017007
2612969719,36.6566015,-121.8016144
2612969720,36.6566114,-121.8005853
2612969721,36.6566114,-121.8005360
2612969722,36.6565817,-121.8004868
2612969723,36.6565125,-121.8003758
2612969724,36.6564927,-121.8003081
2612969725,36.6564729,-121.7989216
3695787031,36.6558860,-121.8049867
89808875,36.6547420,-121.7952750
89808878,36.6547160,-121.7933550
89819247,36.6572130,-121.7933280
89819249,36.6557750,-121.7933440
89819251,36.6528480,-121.7933770
89819254,36.6523280,-121.7933830
89840130,36.6523510,-121.7950680
89840132,36.6523480,-121.7950620
1647008545,36.6537227,-121.7934972
1647008555,36.6536754,-121.7937815
1647008557,36.6536840,-121.7938995
1647008605,36.6537098,-121.7936206
1647008614,36.6537227,-121.7933667
89820210,36.6529712,-121.7952899
89933385,36.6524892,-121.7952932
89933387,36.6523893,-121.7952110
2539940621,36.6571016,-121.7927976
2539940643,36.6569566,-121.7930187
2539995711,36.6528965,-121.7954444
2539995712,36.6527674,-121.7954417
2539995713,36.6528517,-121.7971986
2539995714,36.6529546,-121.7952057
2539995716,36.6528320,-121.7951171
2539995717,36.6522144,-121.7972093
2539995721,36.6529482,-121.7953800
2539995728,36.6527072,-121.7952137
2539995729,36.6527136,-121.7953827
2539995730,36.6529051,-121.7951413
2539995731,36.6526900,-121.7952942
2539995735,36.6527717,-121.7951386
2539995736,36.6528384,-121.7954658
2540005333,36.6528566,-121.7978476
2540005335,36.6523736,-121.7972066
2540005347,36.6523815,-121.7978576
2540005359,36.6522171,-121.7978611
89802394,36.6637640,-121.7990990
89804458,36.6580430,-121.7986700
89902768,36.6619700,-121.7995850
89933335,36.6640560,-121.7991670
89933336,36.6639220,-121.7991250
89933339,36.6635780,-121.7990990
89933342,36.6633510,-121.7991430
89933344,36.6629290,-121.7992780
89933346,36.6616270,-121.7996520
89933349,36.6614780,-121.7996200
89933351,36.6602930,-121.7989370
553020018,36.6611710,-121.8029430
553020023,36.6609660,-121.8017360
553020024,36.6607250,-121.8004600
553020025,36.6603150,-121.7996080
553020026,36.6599380,-121.7988920
553020028,36.6608840,-121.8010600
553020029,36.6608480,-121.8008380
89898067,36.6578136,-121.8027226
553020030,36.6609835,-121.8027420
2901320604,36.6609920,-121.8027760
2901320605,36.6609994,-121.8027906
2901320606,36.6610144,-121.8028040
2901320607,36.6610958,-121.8028490
2901320608,36.6611393,-121.8028885
2901320609,36.6611590,-121.8029132
89802756,36.6609580,-121.7927940
89802780,36.6589540,-121.7957080
89804460,36.6582420,-121.7985630
89804463,36.6584040,-121.7984320
89804464,36.6585420,-121.7982670
89804466,36.6586720,-121.7980500
89804468,36.6592855,-121.7969317
89819224,36.6608640,-121.7930280
89819226,36.6608020,-121.7931440
89819228,36.6607370,-121.7932350
89819230,36.6606970,-121.7932690
89819233,36.6606520,-121.7932880
89819235,36.6599440,-121.7933480
89819237,36.6585740,-121.7933790
89819239,36.6583670,-121.7933710
89819241,36.6580150,-121.7933360
89819244,36.6575820,-121.7933240
89899577,36.6596450,-121.7981630
89899579,36.6590600,-121.7960240
89899580,36.6588560,-121.7954180
89899582,36.6587550,-121.7952270
89899583,36.6586320,-121.7950350
553020021,36.6594750,-121.7985850
553020027,36.6597970,-121.7985870
553020108,36.6580450,-121.7943290
89917024,36.6438510,-121.7898580
89971978,36.6499510,-121.7907530
559548986,36.6487240,-121.7870050
89917021,36.6485936,-121.7898225
89929359,36.6485350,-121.7879080
89929360,36.6485077,-121.7873933
2612970975,36.6462812,-121.7916658
2612970977,36.6462750,-121.7898318
2612970978,36.6462660,-121.7871710
553019853,36.6499567,-121.7869329
2956919766,36.6499524,-121.7898040
89840133,36.6522940,-121.7897720
89880413,36.6570880,-121.7861980
89899515,36.6546650,-121.7862830
89899592,36.6549400,-121.7905290
89917014,36.6546950,-121.7897510
373831767,36.6546990,-121.7902170
89899590,36.6554023,-121.7911722
89994533,36.6546330,-121.7826230
89880415,36.6594770,-121.7826430
89880417,36.6597270,-121.7823250
89880419,36.6598410,-121.7822080
89880421,36.6599170,-121.7820500
89880423,36.6599460,-121.7818710
89880425,36.6599240,-121.7816870
89880427,36.6595480,-121.7804610
89880430,36.6593400,-121.7798260
89880432,36.6592900,-121.7796520
89880436,36.6592900,-121.7794700
89880439,36.6593420,-121.7792960
3727683584,36.6550263,-121.7736373
89994529,36.6551510,-121.7704060
89994530,36.6551510,-121.7707890
89994527,36.6550872,-121.7678743
2342889679,36.6551884,-121.7665450
2342889683,36.6550817,-121.7684989
2342889689,36.6551549,-121.7670867
3727683587,36.6551113,-121.7716948
3727683588,36.6551441,-121.7709472
3727683589,36.6551905,-121.7663836
89880441,36.6595260,-121.7787770
2342889693,36.6552093,-121.7649071
89954271,36.6554350,-121.7584980
89933309,36.6650290,-121.8008020
89933312,36.6649700,-121.8003770
89933314,36.6649210,-121.8001720
89933318,36.6648190,-121.7999010
89933321,36.6646840,-121.7996710
89933323,36.6645870,-121.7995480
89933326,36.6644810,-121.7994380
89933331,36.6642690,-121.7992770
